Frecuencia (Hz)	Nivel (dB)
46,875000	-78,446106
93,750000	-81,286530
140,625000	-86,696350
187,500000	-86,045616
234,375000	-80,169426
281,250000	-76,496506
328,125000	-76,574089
375,000000	-78,266083
421,875000	-79,912292
468,750000	-80,645226
515,625000	-78,796829
562,500000	-78,011330
609,375000	-79,326797
656,250000	-79,339333
703,125000	-78,302361
750,000000	-76,974487
796,875000	-76,558624
843,750000	-76,536865
890,625000	-76,207802
937,500000	-74,371880
984,375000	-73,536209
1031,250000	-73,177353
1078,125000	-71,577744
1125,000000	-71,372131
1171,875000	-71,680763
1218,750000	-70,598373
1265,625000	-69,874725
1312,500000	-68,725418
1359,375000	-67,794319
1406,250000	-68,111359
1453,125000	-67,199867
1500,000000	-66,552605
1546,875000	-65,238686
1593,750000	-65,047577
1640,625000	-65,507034
1687,500000	-65,798363
1734,375000	-65,802956
1781,250000	-65,947739
1828,125000	-65,841743
1875,000000	-65,519928
1921,875000	-65,663261
1968,750000	-65,693321
2015,625000	-65,426300
2062,500000	-64,570633
2109,375000	-64,085022
2156,250000	-63,364891
2203,125000	-62,969746
2250,000000	-63,255257
2296,875000	-63,085510
2343,750000	-62,609608
2390,625000	-61,866730
2437,500000	-61,611881
2484,375000	-61,699100
2531,250000	-61,563133
2578,125000	-60,634750
2625,000000	-59,620022
2671,875000	-58,557171
2718,750000	-56,436886
2765,625000	-54,835903
2812,500000	-52,771362
2859,375000	-50,343670
2906,250000	-49,364437
2953,125000	-49,725075
3000,000000	-46,159546
3046,875000	-43,188622
3093,750000	-41,259258
3140,625000	-39,038879
3187,500000	-39,385220
3234,375000	-38,543591
3281,250000	-37,248554
3328,125000	-36,062305
3375,000000	-35,089039
3421,875000	-34,776707
3468,750000	-34,171021
3515,625000	-32,213417
3562,500000	-31,008177
3609,375000	-29,542608
3656,250000	-29,276876
3703,125000	-28,323217
3750,000000	-27,265907
3796,875000	-28,599443
3843,750000	-28,774263
3890,625000	-28,319334
3937,500000	-29,397305
3984,375000	-31,827705
4031,250000	-33,927639
4078,125000	-33,842720
4125,000000	-33,214275
4171,875000	-33,944000
4218,750000	-34,583088
4265,625000	-36,027225
4312,500000	-36,430870
4359,375000	-35,728580
4406,250000	-35,206238
4453,125000	-35,073273
4500,000000	-36,783886
4546,875000	-39,468143
4593,750000	-39,720348
4640,625000	-40,138710
4687,500000	-40,813095
4734,375000	-42,396103
4781,250000	-44,750324
4828,125000	-46,362236
4875,000000	-47,759556
4921,875000	-48,562233
4968,750000	-47,848488
5015,625000	-47,433758
5062,500000	-46,522552
5109,375000	-45,569637
5156,250000	-44,296001
5203,125000	-40,867573
5250,000000	-43,254642
5296,875000	-46,653683
5343,750000	-46,447311
5390,625000	-49,527351
5437,500000	-49,437458
5484,375000	-43,186104
5531,250000	-43,354588
5578,125000	-46,410015
5625,000000	-48,346573
5671,875000	-47,754757
5718,750000	-48,134991
5765,625000	-45,447067
5812,500000	-45,000660
5859,375000	-49,226795
5906,250000	-51,252148
5953,125000	-52,270493
6000,000000	-49,149452
6046,875000	-49,359432
6093,750000	-50,474068
6140,625000	-52,021439
6187,500000	-53,406593
6234,375000	-53,085934
6281,250000	-54,296246
6328,125000	-53,789284
6375,000000	-50,969841
6421,875000	-50,241566
6468,750000	-50,221214
6515,625000	-52,004223
6562,500000	-55,117313
6609,375000	-53,911423
6656,250000	-52,505329
6703,125000	-51,257950
6750,000000	-51,839779
6796,875000	-51,096504
6843,750000	-51,403572
6890,625000	-52,659664
6937,500000	-50,691036
6984,375000	-49,913467
7031,250000	-49,024521
7078,125000	-49,463745
7125,000000	-49,781975
7171,875000	-49,807304
7218,750000	-50,743832
7265,625000	-49,885658
7312,500000	-50,793941
7359,375000	-49,118443
7406,250000	-45,757847
7453,125000	-43,756912
7500,000000	-45,391445
7546,875000	-47,785652
7593,750000	-50,258152
7640,625000	-50,006107
7687,500000	-51,063744
7734,375000	-54,147293
7781,250000	-54,016590
7828,125000	-55,364155
7875,000000	-56,004765
7921,875000	-56,508915
7968,750000	-56,022881
8015,625000	-54,680340
8062,500000	-55,232403
8109,375000	-56,068272
8156,250000	-56,580948
8203,125000	-57,356335
8250,000000	-57,266575
8296,875000	-57,206150
8343,750000	-57,975060
8390,625000	-59,143658
8437,500000	-60,028103
8484,375000	-61,137993
8531,250000	-63,504532
8578,125000	-64,746658
8625,000000	-64,277321
8671,875000	-64,450409
8718,750000	-64,046638
8765,625000	-64,708191
8812,500000	-65,905228
8859,375000	-67,047371
8906,250000	-67,675568
8953,125000	-68,336143
9000,000000	-68,547966
9046,875000	-68,271805
9093,750000	-68,085655
9140,625000	-67,876724
9187,500000	-69,189728
9234,375000	-69,808662
9281,250000	-70,215370
9328,125000	-71,612885
9375,000000	-71,920326
9421,875000	-71,605110
9468,750000	-72,324394
9515,625000	-72,809807
9562,500000	-72,922096
9609,375000	-73,312805
9656,250000	-73,887505
9703,125000	-74,394699
9750,000000	-74,154648
9796,875000	-73,746353
9843,750000	-74,066544
9890,625000	-74,900192
9937,500000	-75,462669
9984,375000	-75,317207
10031,250000	-75,338188
10078,125000	-75,007164
10125,000000	-75,166901
10171,875000	-74,768600
10218,750000	-74,441307
10265,625000	-73,401237
10312,500000	-74,404427
10359,375000	-74,680954
10406,250000	-73,673409
10453,125000	-73,921997
10500,000000	-75,498909
10546,875000	-75,906792
10593,750000	-75,747284
10640,625000	-75,443916
10687,500000	-75,602562
10734,375000	-76,604599
10781,250000	-77,594574
10828,125000	-77,761780
10875,000000	-77,221344
10921,875000	-77,237679
10968,750000	-77,486885
11015,625000	-77,029770
11062,500000	-77,401009
11109,375000	-77,313431
11156,250000	-77,123367
11203,125000	-77,053070
11250,000000	-77,791794
11296,875000	-77,287392
11343,750000	-78,024055
11390,625000	-79,384079
11437,500000	-79,612427
11484,375000	-79,976067
11531,250000	-80,107674
11578,125000	-80,231194
11625,000000	-80,875870
11671,875000	-80,846901
11718,750000	-81,175987
11765,625000	-81,440201
11812,500000	-81,766998
11859,375000	-81,795303
11906,250000	-81,567978
11953,125000	-82,090271
12000,000000	-82,776466
12046,875000	-82,760101
12093,750000	-82,950317
12140,625000	-83,401283
12187,500000	-83,003418
12234,375000	-82,870064
12281,250000	-83,218071
12328,125000	-83,454948
12375,000000	-83,419235
12421,875000	-83,720726
12468,750000	-83,964844
12515,625000	-84,040848
12562,500000	-84,380592
12609,375000	-84,273308
12656,250000	-83,627449
12703,125000	-83,759628
12750,000000	-84,385033
12796,875000	-84,429718
12843,750000	-84,189636
12890,625000	-84,154884
12937,500000	-84,096489
12984,375000	-84,136909
13031,250000	-84,614159
13078,125000	-84,818993
13125,000000	-84,707130
13171,875000	-84,456749
13218,750000	-84,428802
13265,625000	-85,247047
13312,500000	-85,514450
13359,375000	-85,191765
13406,250000	-85,598694
13453,125000	-85,778694
13500,000000	-85,752762
13546,875000	-85,681648
13593,750000	-85,932297
13640,625000	-85,983284
13687,500000	-85,625580
13734,375000	-85,813911
13781,250000	-86,120247
13828,125000	-86,402130
13875,000000	-86,920372
13921,875000	-86,786903
13968,750000	-86,709221
14015,625000	-86,972832
14062,500000	-86,855820
14109,375000	-86,742638
14156,250000	-87,134537
14203,125000	-87,289856
14250,000000	-87,144020
14296,875000	-87,088081
14343,750000	-86,893349
14390,625000	-86,769531
14437,500000	-86,925797
14484,375000	-86,808617
14531,250000	-86,715904
14578,125000	-87,018387
14625,000000	-87,202263
14671,875000	-87,324768
14718,750000	-87,357948
14765,625000	-87,155975
14812,500000	-87,118629
14859,375000	-86,943130
14906,250000	-87,412392
14953,125000	-87,988670
15000,000000	-87,162804
15046,875000	-86,580681
15093,750000	-87,226730
15140,625000	-87,929268
15187,500000	-88,253242
15234,375000	-88,897163
15281,250000	-88,980446
15328,125000	-88,720177
15375,000000	-88,937691
15421,875000	-89,252258
15468,750000	-89,265213
15515,625000	-89,262077
15562,500000	-89,528229
15609,375000	-89,429977
15656,250000	-89,453407
15703,125000	-89,454887
15750,000000	-89,846039
15796,875000	-89,812851
15843,750000	-89,778358
15890,625000	-90,312531
15937,500000	-90,361572
15984,375000	-90,488907
16031,250000	-91,190598
16078,125000	-91,234741
16125,000000	-91,161598
16171,875000	-91,276329
16218,750000	-91,388275
16265,625000	-91,421478
16312,500000	-91,487679
16359,375000	-90,742470
16406,250000	-91,085274
16453,125000	-91,847137
16500,000000	-91,411903
16546,875000	-91,042160
16593,750000	-91,621323
16640,625000	-92,189423
16687,500000	-92,330490
16734,375000	-92,209755
16781,250000	-92,560806
16828,125000	-92,569687
16875,000000	-92,876709
16921,875000	-92,487511
16968,750000	-92,437469
17015,625000	-92,571136
17062,500000	-92,982376
17109,375000	-93,171867
17156,250000	-93,216469
17203,125000	-93,111305
17250,000000	-92,891327
17296,875000	-92,843925
17343,750000	-93,401031
17390,625000	-93,491623
17437,500000	-93,653526
17484,375000	-93,534332
17531,250000	-93,384247
17578,125000	-92,693748
17625,000000	-93,112511
17671,875000	-93,364182
17718,750000	-92,791359
17765,625000	-93,140648
17812,500000	-93,278664
17859,375000	-93,658997
17906,250000	-94,116493
17953,125000	-93,764160
18000,000000	-93,665558
18046,875000	-93,617538
18093,750000	-93,792740
18140,625000	-93,944458
18187,500000	-94,066971
18234,375000	-94,277328
18281,250000	-94,590721
18328,125000	-94,566727
18375,000000	-94,739563
18421,875000	-94,409157
18468,750000	-94,084274
18515,625000	-94,372986
18562,500000	-94,518494
18609,375000	-94,677048
18656,250000	-94,573471
18703,125000	-94,516975
18750,000000	-94,911644
18796,875000	-94,964378
18843,750000	-94,718987
18890,625000	-94,550766
18937,500000	-94,922150
18984,375000	-94,730736
19031,250000	-94,372093
19078,125000	-94,844032
19125,000000	-95,067062
19171,875000	-95,036926
19218,750000	-94,950645
19265,625000	-94,965881
19312,500000	-95,232582
19359,375000	-95,326378
19406,250000	-95,036209
19453,125000	-94,500359
19500,000000	-94,122643
19546,875000	-94,063683
19593,750000	-93,568314
19640,625000	-93,345123
19687,500000	-93,341934
19734,375000	-93,729408
19781,250000	-93,938736
19828,125000	-94,053116
19875,000000	-93,999413
19921,875000	-93,740242
19968,750000	-93,955200
20015,625000	-94,137711
20062,500000	-94,468185
20109,375000	-94,818764
20156,250000	-95,814461
20203,125000	-97,851562
20250,000000	-100,883385
20296,875000	-105,187134
20343,750000	-109,310555
20390,625000	-115,760933
20437,500000	-122,112976
20484,375000	-127,020317
20531,250000	-132,431580
20578,125000	-137,905823
20625,000000	-139,799789
20671,875000	-142,710892
20718,750000	-144,625244
20765,625000	-145,913940
20812,500000	-147,625916
20859,375000	-147,902863
20906,250000	-146,611526
20953,125000	-145,428833
21000,000000	-146,395035
21046,875000	-147,020157
21093,750000	-144,978058
21140,625000	-143,155884
21187,500000	-145,013779
21234,375000	-144,952438
21281,250000	-145,563232
21328,125000	-142,517914
21375,000000	-139,863556
21421,875000	-142,743851
21468,750000	-144,670319
21515,625000	-143,301224
21562,500000	-142,693314
21609,375000	-141,044556
21656,250000	-139,013382
21703,125000	-137,561127
21750,000000	-136,472534
21796,875000	-135,671494
21843,750000	-136,108154
21890,625000	-137,165848
21937,500000	-140,585327
21984,375000	-142,172272
22031,250000	-145,369507
22078,125000	-147,495438
22125,000000	-145,085709
22171,875000	-146,837143
22218,750000	-150,284378
22265,625000	-149,158951
22312,500000	-148,371475
22359,375000	-148,867432
22406,250000	-146,456802
22453,125000	-143,939606
22500,000000	-144,830383
22546,875000	-145,116226
22593,750000	-146,252060
22640,625000	-148,663986
22687,500000	-147,094559
22734,375000	-143,569458
22781,250000	-141,800339
22828,125000	-142,769180
22875,000000	-144,362259
22921,875000	-146,709991
22968,750000	-147,524246
23015,625000	-146,967102
23062,500000	-144,818054
23109,375000	-144,818237
23156,250000	-142,840408
23203,125000	-137,865295
23250,000000	-137,102173
23296,875000	-138,429611
23343,750000	-140,504868
23390,625000	-141,323029
23437,500000	-138,799805
23484,375000	-137,822510
23531,250000	-140,014404
23578,125000	-142,318512
23625,000000	-143,150955
23671,875000	-144,312683
23718,750000	-143,837173
23765,625000	-143,737961
23812,500000	-144,861389
23859,375000	-148,424088
23906,250000	-147,290390
23953,125000	-145,723404
